candidate	raw_rmse	corr_sample	best_scale	rmse_after_scale	ref_min	ref_max	py_min	py_max
ref_order_F	4.475584101519e-01	9.995992925124e-01	9.990068652946e-01	4.473204328363e-01	-2.255258453400e+02	3.081526569200e+02	-2.255258444332e+02	3.081526567440e+02
ref_order_C	2.082738463666e+01	-2.453679193083e-02	-5.043278614475e-03	1.468609150667e+01	-2.255258453400e+02	3.081526569200e+02	-2.255258444332e+02	3.081526567440e+02
ref_F_swap_xy	1.902209097124e+01	1.936509854302e-01	1.615498134492e-01	1.449316194706e+01	-2.255258453400e+02	3.081526569200e+02	-2.255258444332e+02	3.081526567440e+02
ref_C_swap_xy	2.076812598847e+01	8.527872761025e-03	6.647313183081e-04	1.468627522788e+01	-2.255258453400e+02	3.081526569200e+02	-2.255258444332e+02	3.081526567440e+02
ref_F_flip_x	1.902652856340e+01	1.927704217642e-01	1.611588170025e-01	1.449410179945e+01	-2.255258453400e+02	3.081526569200e+02	-2.255258444332e+02	3.081526567440e+02
ref_F_flip_y	1.885989500379e+01	2.659234138961e-01	1.757783197799e-01	1.445736558625e+01	-2.255258453400e+02	3.081526569200e+02	-2.255258444332e+02	3.081526567440e+02
ref_F_flip_xy	1.993286235761e+01	1.325838356928e-01	7.939016234396e-02	1.463987379634e+01	-2.255258453400e+02	3.081526569200e+02	-2.255258444332e+02	3.081526567440e+02
time_create_cavity_s	5.636598
time_fft_phi_s	0.322183
time_ion_density_s	0.540320
time_local_field_gradient_s	2.041172
time_local_field_factor_s	39.261399
time_bound_density_s	2.109396
